510
510
511
511
510
511
511
510
510
511
511
511
510
510
511
510
510
510
510
510
510
510
510
511
510
510
510
510
511
510
510
511
510
511
511
511
511
511
511
510
511
511
511
511
511
511
511
510
511
511
511
511
510
511
511
511
511
511
511
511
511
511
511
511
511
511
511
511
511
511
511
510
511
511
511
511
511
511
511
511
511
511
511
511
511
510
511
511
511
511
511
511
511
511
511
511
511
511
511
511
511
511
511
511
511
511
511
511
511
511
511
511
511
511
511
511
511
511
510
511
511
511
511
511
511
511
511
511
511
511
511
511
511
511
511
511
511
511
511
511
511
511
511
511
511
511
511
511
511
511
511
511
511
511
511
511
511
511
511
511
511
511
511
511
511
511
511
511
511
511
511
511
511
511
511
511
511
511
511
511
512
511
512
512
512
511
512
512
512
512
512
511
512
512
512
512
512
512
512
512
512
512
512
512
512
512
512
512
512
512
512
512
512
512
512
512
512
512
512
512
512
512
512
512
512
512
513
512
512
512
512
512
512
512
512
512
513
512
512
513
512
512
513
512
512
513
513
512
512
512
512
513
512
513
512
513
513
513
512
513
513
513
513
512
513
513
513
513
513
513
513
513
513
513
513
513
513
513
513
513
513
513
513
513
513
513
513
514
513
514
513
514
514
514
514
513
514
514
514
514
514
514
514
514
514
514
514
514
514
514
514
514
515
515
514
515
515
515
515
515
515
515
515
515
515
515
515
515
515
515
515
515
515
515
515
515
515
516
516
516
515
515
516
515
516
515
516
516
516
516
516
516
516
516
516
516
516
516
516
517
517
517
517
517
517
517
517
517
517
517
517
518
517
518
518
518
518
518
518
518
518
518
518
518
519
519
519
519
519
519
519
519
519
519
519
519
519
520
519
519
520
520
520
520
520
520
520
520
520
520
520
520
520
520
520
520
520
520
520
520
520
520
521
520
520
520
520
521
521
521
521
521
521
521
521
521
521
521
521
521
521
521
521
521
522
521
521
522
521
522
522
522
522
522
522
521
522
522
522
522
522
522
522
522
522
522
522
522
522
522
522
522
522
522
522
523
523
523
523
523
523
523
523
523
523
524
523
523
523
523
523
523
523
523
523
524
524
523
523
524
524
524
524
524
524
524
524
524
524
524
524
524
524
524
524
525
525
525
525
525
525
525
525
525
525
525
525
526
526
526
526
526
526
526
526
527
527
527
527
527
527
527
527
527
527
527
527
527
527
527
528
528
527
527
528
528
528
528
528
528
529
529
529
529
529
529
529
529
530
530
530
530
530
530
531
530
531
531
531
531
531
531
531
532
532
532
532
532
533
533
533
533
534
533
534
533
534
533
533
534
534
534
535
534
534
535
534
534
535
535
535
535
535
535
535
535
535
536
536
536
536
536
536
536
536
536
536
537
536
537
537
537
536
537
537
537
537
537
537
538
537
537
537
537
537
537
537
537
537
537
537
537
537
537
536
536
536
536
536
536
536
536
536
536
536
536
535
535
535
535
534
534
534
534
534
534
533
533
532
532
531
531
530
530
530
530
529
528
528
527
527
525
525
524
523
522
521
519
518
517
515
514
512
511
509
507
504
502
499
497
494
491
488
485
482
479
475
472
468
464
461
456
452
447
443
438
432
428
422
416
411
405
400
394
388
380
374
367
361
355
348
343
337
332
327
323
320
316
313
310
307
304
301
298
294
292
289
287
284
282
279
277
275
273
272
269
266
264
262
259
257
254
253
251
249
247
245
241
239
238
235
233
230
225
222
218
213
209
205
201
195
189
184
178
173
166
161
155
148
142
136
130
124
117
112
107
102
98
96
93
91
89
88
86
85
84
83
81
80
80
78
76
75
73
72
71
70
69
68
67
65
64
62
61
59
58
56
54
53
51
49
48
47
47
46
46
46
46
46
46
46
46
46
47
46
46
46
46
45
44
45
44
44
44
44
45
45
46
46
47
47
48
48
49
49
50
50
51
51
51
52
52
52
53
54
55
56
56
57
59
59
61
61
63
63
65
66
68
69
70
71
73
75
77
79
82
84
86
89
91
94
97
100
103
107
110
114
117
121
124
126
128
131
133
135
138
140
142
144
146
148
151
154
157
160
163
166
170
174
178
182
185
188
191
193
196
199
201
203
206
207
210
212
215
217
220
222
225
228
231
235
239
243
248
252
257
261
265
269
274
278
282
287
291
295
299
303
307
312
316
320
324
328
333
337
341
345
350
354
358
362
365
369
373
376
380
383
385
388
390
392
395
397
399
401
404
406
409
411
413
415
417
418
419
421
422
423
424
425
427
428
429
431
433
435
438
440
443
446
450
453
456
460
462
464
467
470
472
475
477
481
485
488
492
496
500
504
508
511
514
517
521
523
526
528
530
532
534
536
538
540
541
542
544
544
546
547
548
549
549
550
551
552
552
553
553
554
554
554
554
554
555
555
555
555
555
555
556
556
556
555
555
555
555
555
555
555
554
554
554
554
554
553
554
553
553
553
553
553
553
553
553
553
553
552
552
552
552
552
551
551
551
550
550
549
549
548
548
547
547
546
545
545
544
542
542
541
540
539
538
538
538
538
539
539
539
539
540
539
540
539
539
538
538
538
537
537
537
537
537
537
537
538
537
538
538
538
538
537
537
537
536
535
535
534
534
534
533
533
534
534
535
535
536
536
537
536
536
536
535
535
534
533
533
532
532
531
531
530
529
528
527
526
525
523
523
522
521
520
519
519
518
518
517
518
518
518
518
518
517
517
515
515
514
512
512
511
510
509
509
509
509
509
509
508
509
508
508
507
506
505
504
503
503
502
501
501
500
500
500
500
500
501
502
504
505
506
506
507
508
509
509
510
511
512
513
514
515
515
516
516
517
517
518
519
519
519
519
518
517
515
513
511
509
507
506
504
502
501
500
499
498
497
497
496
497
496
496
496
496
497
497
496
497
497
496
496
496
495
495
495
494
494
493
492
492
491
490
489
489
488
487
487
487
487
488
489
491
493
496
498
502
507
511
516
519
522
524
526
528
530
532
533
535
537
538
539
540
541
541
542
543
543
543
544
544
545
545
546
546
547
547
547
548
548
548
548
549
549
550
550
550
550
550
550
550
550
550
550
550
550
550
550
550
551
551
551
551
552
552
552
552
551
551
551
551
551
550
550
550
550
550
550
550
550
550
551
551
551
551
551
551
550
550
551
551
551
551
551
551
551
551
551
550
551
550
551
551
551
551
551
551
551
551
551
550
550
551
551
551
550
551
551
551
551
551
551
551
551
551
551
551
551
551
550
550
550
550
550
550
550
549
549
549
548
548
548
548
548
548
547
547
547
546
545
545
544
543
543
543
542
541
540
540
539
538
537
536
534
533
532
530
529
527
525
523
521
518
515
514
514
513
513
513
513
513
512
512
512
511
511
511
511
510
510
510
509
509
508
507
505
503
502
501
500
498
496
493
489
484
478
472
469
467
466
464
461
458
455
452
450
448
447
447
446
446
446
446
445
445
445
444
444
443
443
443
442
442
442
442
442
442
442
442
442
441
439
437
433
428
422
417
412
409
407
403
400
398
396
395
392
389
384
375
360
345
327
309
290
274
264
259
256
255
255
254
254
256
258
263
269
274
276
276
276
276
277
276
276
277
278
278
279
281
282
284
286
288
290
293
296
298
300
301
302
303
304
305
306
307
308
309
309
310
310
310
310
310
310
310
310
310
311
313
314
315
316
316
317
318
318
318
319
320
321
323
324
326
327
329
331
333
336
337
339
341
343
347
349
352
354
355
355
355
356
357
358
361
367
373
378
383
386
390
393
395
398
401
403
405
408
411
412
414
415
415
415
416
418
420
424
426
426
427
427
428
428
428
428
428
429
429
431
432
433
435
436
438
440
441
441
441
441
442
443
444
444
445
445
445
445
445
445
445
445
445
446
445
445
446
445
445
445
445
445
445
446
446
446
447
448
448
449
449
449
449
449
449
450
450
450
450
450
450
450
450
450
450
450
451
450
451
451
451
451
451
451
451
452
452
452
452
452
452
452
452
452
452
452
452
452
452
452
452
453
453
454
454
454
455
455
456
457
457
458
458
459
460
460
461
462
463
464
465
466
468
469
470
470
472
473
474
475
475
475
475
476
476
477
477
478
477
477
478
478
478
478
478
478
478
478
478
478
478
478
478
478
478
478
479
479
479
480
480
480
480
480
480
481
481
481
481
481
482
483
483
484
485
485
485
485
485
485
486
486
486
487
488
489
491
492
493
493
494
494
495
496
496
497
497
497
498
498
499
499
500
500
501
502
502
502
502
502
502
503
502
503
503
503
503
503
503
503
504
504
504
504
504
505
505
505
505
506
506
506
506
506
507
506
507
507
507
507
507
508
507
508
507
508
507
508
508
508
507
507
508
508
507
508
508
508
508
509
509
509
510
510
510
511
511
512
512
512
512
512
512
513
513
513
513
513
513
513
513
513
513
513
513
514
513
513
513
513
513
513
513
513
513
513
513
513
513
513
513
513
513
512
513
513
513
513
513
513
513
513
514
513
513
513
513
513
513
513
513
513
513
513
514
514
514
514
514
514
514
514
514
514
514
514
513
513
513
513
513
513
513
513
513
513
513
513
514
514
514
514
515
515
515
516
516
516
516
516
516
516
516
516
516
516
515
514
514
514
514
513
513
513
513
513
513
513
512
512
511
511
511
511
511
511
511
511
511
512
512
512
512
512
512
512
512
513
513
513
513
513
514
514
515
515
515
515
515
516
516
516
516
516
516
516
516
516
516
516
516
516
516
516
516
516
516
516
516
516
516
517
516
517
516
516
517
516
517
516
516
516
517
517
517
517
516
516
517
516
517
517
516
517
517
516
517
517
516
516
516
517
517
517
516
517
517
516
517
516
516
516
516
517
517
516
516
516
516
516
516
516
516
515
515
514
513
511
510
509
507
505
504
503
501
500
499
499
498
497
497
497
495
496
495
494
494
493
493
493
493
493
493
493
494
494
494
495
495
496
497
497
498
499
500
501
502
503
503
504
504
505
505
506
506
507
507
507
507
508
508
508
508
508
508
508
508
508
508
508
508
508
509
509
509
509
509
509
509
509
509
509
510
509
510
509
510
510
510
510
510
510
510
510
510
510
510
509
510
510
510
509
509
510
510
510
509
510
510
510
509
510
510
509
510
510
510
510
510
509
509
510
510
510
510
509
509
510
510
510
510
509
510
510
509
510
510
510
510
510
510
510
510
509
510
510
510
510
510
510
510
510
510
510
510
510
510
510
510
510
510
510
510
510
510
510
510
510
510
510
510
510
510
510
510
510
510
510
510
509
510
510
510
509
510
510
510
509
510
509
509
509
509
509
510
510
509
509
510
510
510
510
509
509
510
510
509
510
509
509
509
509
509
509
509
509
509
509
510
510
509
509
509
509
509
509
509
509
509
509
509
509
509
509
509
510
509
509
509
509
509
509
509
509
509
509
509
509
509
509
509
509
509
509
509
509
509
509
509
509
509
509
509
509
509
509
509
509
509
509
509
509
509
509
509
509
509
509
509
509
509
509
509
509
509
509
509
509
509
509
509
509
509
509
509
509
509
509
509
509
509
509
509
509
509
508
509
509
509
509
509
509
509
509
509
509
509
509
509
509
509
509
509
509
509
509
