blue	750	502	804
blue	750	502	803
blue	750	502	804
blue	750	502	804
blue	750	502	805
blue	750	502	804
blue	750	503	804
blue	749	502	804
blue	750	502	804
blue	750	503	804
blue	750	502	804
blue	750	503	804
blue	750	503	804
blue	750	503	804
blue	750	503	804
blue	750	503	804
blue	750	503	804
blue	750	503	805
blue	750	503	804
blue	749	503	804
blue	750	503	804
blue	750	503	804
blue	750	503	804
blue	750	502	804
blue	750	503	805
blue	750	502	805
blue	750	503	805
blue	750	503	804
blue	750	503	804
blue	750	503	805
blue	750	503	804
blue	750	503	805
blue	750	503	805
blue	750	503	805
blue	750	503	805
blue	750	503	805
blue	750	503	805
blue	750	503	805
blue	750	503	804
blue	750	503	805
blue	750	503	805
blue	750	503	805
blue	750	503	805
blue	750	503	805
blue	750	503	805
blue	750	503	805
blue	749	503	805
blue	749	503	805
blue	749	503	805
blue	750	502	805
blue	750	502	805
blue	750	502	805
blue	750	502	805
blue	750	503	805
blue	750	503	805
blue	750	503	805
blue	750	503	805
blue	750	503	805
blue	750	503	805
blue	750	503	805
blue	750	503	805
blue	750	503	805
blue	750	503	805
blue	750	503	805
blue	750	503	805
blue	750	503	805
blue	750	503	805
blue	750	503	805
blue	750	503	805
blue	750	503	805
blue	750	503	805
blue	750	503	805
blue	750	503	805
blue	750	502	805
blue	750	503	805
blue	750	503	805
blue	749	503	805
blue	749	502	805
blue	750	503	805
blue	750	503	805
blue	750	503	805
blue	750	503	805
blue	750	503	805
blue	750	503	805
blue	749	503	805
blue	750	503	805
blue	750	503	805
blue	750	503	806
blue	750	503	805
blue	750	503	805
blue	750	503	805
blue	750	503	805
blue	750	503	805
blue	750	503	805
blue	750	503	805
blue	750	503	805
blue	750	503	805
blue	750	503	806
blue	750	503	805
blue	750	503	805
green	771	411	703
green	771	411	703
green	771	411	703
green	771	411	703
green	771	411	703
green	771	411	702
green	771	411	702
green	771	412	703
green	771	411	703
green	771	411	703
green	771	411	703
green	771	411	703
green	771	411	703
green	771	411	703
green	772	412	703
green	772	412	703
green	771	412	703
green	771	412	703
green	771	411	703
green	771	411	703
green	771	412	703
green	771	411	703
green	771	411	703
green	771	411	703
green	771	411	703
green	771	411	703
green	771	411	703
green	771	411	703
green	771	411	703
green	771	411	703
green	771	411	703
green	771	411	703
green	771	411	703
green	771	412	703
green	771	411	703
green	771	411	703
green	771	412	703
green	771	412	703
green	771	412	702
green	771	411	703
green	771	412	703
green	771	412	703
green	771	412	703
green	771	411	703
green	771	411	703
green	771	412	703
green	771	412	703
green	771	412	703
green	771	411	703
green	772	412	703
green	771	411	703
green	771	411	703
green	771	412	703
green	771	412	703
green	771	411	703
green	771	412	703
green	771	412	703
green	771	411	703
green	771	412	703
green	772	412	703
green	771	412	703
green	771	412	703
green	771	412	703
green	771	412	703
green	771	412	703
green	771	411	703
green	771	412	703
green	771	412	703
green	771	412	703
green	771	412	704
green	771	412	703
green	771	411	704
green	771	412	704
green	771	411	703
green	771	412	703
green	771	411	703
green	770	412	703
green	771	412	703
green	771	412	704
green	771	412	704
green	771	412	703
green	771	412	703
green	771	412	704
green	771	412	704
green	771	412	703
green	771	412	703
green	771	411	703
green	771	412	704
green	771	412	704
green	771	412	703
green	771	411	703
green	771	412	704
green	771	412	704
green	771	412	703
green	771	412	703
green	771	412	703
green	771	412	703
green	771	412	704
green	771	412	703
green	771	412	704
red	769	353	763
red	769	353	763
red	769	353	762
red	769	353	763
red	769	352	763
red	769	352	763
red	769	353	763
red	769	353	763
red	769	352	763
red	769	353	763
red	769	353	763
red	769	353	763
red	769	353	763
red	769	353	763
red	769	352	763
red	769	353	763
red	769	353	763
red	769	353	763
red	769	353	763
red	769	353	763
red	769	353	763
red	769	353	763
red	769	353	763
red	769	353	763
red	769	353	763
red	769	353	763
red	769	353	763
red	769	353	763
red	769	353	763
red	768	353	763
red	769	353	763
red	769	353	763
red	768	353	763
red	769	353	763
red	769	353	763
red	769	353	763
red	769	353	763
red	769	352	763
red	769	352	763
red	769	353	763
red	769	353	763
red	769	353	763
red	769	352	763
red	769	352	763
red	769	353	763
red	769	352	763
red	769	353	764
red	769	353	764
red	769	353	763
red	769	353	763
red	769	353	763
red	769	353	763
red	769	353	764
red	769	353	763
red	768	353	763
red	769	352	763
red	769	353	764
red	769	353	763
red	769	353	763
red	769	353	763
red	768	353	764
red	768	353	764
red	769	353	763
red	769	353	764
red	769	353	764
red	769	353	764
red	769	353	764
red	769	353	763
red	769	353	763
red	769	353	764
red	769	353	764
red	769	353	764
red	769	353	764
red	769	352	764
red	769	353	764
red	769	353	763
red	769	353	764
red	769	353	764
red	769	353	764
red	768	353	764
red	769	352	764
red	769	353	764
red	769	353	764
red	768	353	764
red	769	353	764
red	769	353	764
red	769	353	764
red	769	353	764
red	769	353	764
red	768	353	764
red	768	353	764
red	769	353	763
red	769	353	764
red	769	353	764
red	769	353	764
red	769	353	764
red	769	353	764
red	769	353	764
red	769	353	764
red	769	353	764
white	727	388	737
white	728	388	737
white	728	388	737
white	728	388	737
white	728	388	737
white	728	388	737
white	728	388	737
white	728	388	737
white	728	388	737
white	728	388	737
white	728	388	737
white	728	388	737
white	728	388	737
white	728	388	737
white	728	388	737
white	728	388	737
white	728	388	737
white	728	388	736
white	728	388	737
white	728	388	737
white	728	388	737
white	728	388	737
white	728	388	737
white	728	388	737
white	728	388	737
white	728	388	737
white	728	388	737
white	728	388	737
white	728	388	737
white	727	388	737
white	727	388	737
white	728	388	737
white	728	388	737
white	728	388	737
white	728	388	737
white	728	388	737
white	727	388	737
white	728	388	737
white	728	388	737
white	728	388	738
white	728	388	737
white	728	388	737
white	728	388	737
white	728	388	737
white	728	388	737
white	728	388	738
white	728	388	738
white	728	388	737
white	728	388	737
white	728	388	737
white	728	388	737
white	728	388	738
white	728	388	737
white	728	388	737
white	728	388	738
white	728	388	738
white	728	388	738
white	728	388	738
white	727	388	738
white	728	388	738
white	728	388	738
white	728	388	738
white	728	388	738
white	728	388	738
white	728	388	738
white	728	388	738
white	728	388	738
white	728	388	738
white	728	388	738
white	728	388	738
white	728	388	738
white	728	388	738
white	728	388	737
white	728	388	737
white	728	388	738
white	728	388	738
white	728	388	738
white	728	388	738
white	728	388	738
white	728	388	738
white	728	388	738
white	728	388	738
white	728	388	738
white	728	388	738
white	728	389	738
white	728	388	738
white	728	388	738
white	728	388	738
white	728	388	738
white	728	389	738
white	728	388	738
white	728	388	738
white	728	388	738
white	728	388	738
white	728	388	738
white	728	388	738
white	728	388	738
white	728	388	738
white	728	388	738
white	728	388	738
